#x_i and y_i for 20 points
      0.10067825      0.52189693
       4.8863734       23.443902
       10.623778      -6.1627881
       15.385665       18.729855
       20.771792       53.685404
       25.924247       37.159580
       31.158416       72.046017
       37.249561       112.14893
       41.822257       96.310482
       47.760673       132.52932
       52.438539       150.22373
       57.585268       112.70503
       63.184230       117.60725
       68.888614       97.603792
       73.955746       28.092525
       79.171080       4.1720616
       84.649702      -45.832424
       89.116491      -125.06239
       94.285660      -158.64827
       99.568182      -180.81592
